[cam_0]
name = "1"
size = [ 720, 1280,]
matrix = [ [ 902.6555752569436, 0.0, 359.5,], [ 0.0, 902.6555752569436, 639.5,], [ 0.0, 0.0, 1.0,],]
distortions = [ -0.08777070591007319, 0.0, 0.0, 0.0,]
rotation = [ 0.00678117941746649, 0.003938251743512038, 0.021404589842491734,]
translation = [ -17.973595435615035, 15.115931855923588, -84.85482877909229,]
fisheye = true

[cam_1]
name = "2"
size = [ 720, 1280,]
matrix = [ [ 848.6223746175287, 0.0, 359.5,], [ 0.0, 848.6223746175287, 639.5,], [ 0.0, 0.0, 1.0,],]
distortions = [ -0.13372857173148284, 0.0, 0.0, 0.0,]
rotation = [ 0.17102543067795595, -0.6400108940969808, -0.052843149898322624,]
translation = [ 1085.765615672167, 142.380553738057, 501.8834080364518,]
fisheye = true

[cam_2]
name = "3"
size = [ 720, 1280,]
matrix = [ [ 818.9153818777855, 0.0, 359.5,], [ 0.0, 818.9153818777855, 639.5,], [ 0.0, 0.0, 1.0,],]
distortions = [ 0.007235997598380247, 0.0, 0.0, 0.0,]
rotation = [ 0.13041265210535088, 0.45653730186400443, 0.1960491449093938,]
translation = [ -1135.7042058412708, 359.85203647488754, -160.70103614055782,]
fisheye = true

[cam_3]
name = "4"
size = [ 720, 1280,]
matrix = [ [ 930.2704567641291, 0.0, 359.5,], [ 0.0, 930.2704567641291, 639.5,], [ 0.0, 0.0, 1.0,],]
distortions = [ -0.15538927180085202, 0.0, 0.0, 0.0,]
rotation = [ 0.27442429656125195, 1.3826890214470478, 0.2468920856181233,]
translation = [ -2475.071037257294, 94.42227250159723, 2050.821073226715,]
fisheye = true

[cam_4]
name = "5"
size = [ 720, 1280,]
matrix = [ [ 985.1765972840382, 0.0, 359.5,], [ 0.0, 985.1765972840382, 639.5,], [ 0.0, 0.0, 1.0,],]
distortions = [ -0.19094643683851484, 0.0, 0.0, 0.0,]
rotation = [ 0.19356929868866896, 1.0939350735480975, 0.3135208581827883,]
translation = [ -2331.938476620469, 27.493069792692452, 1532.2374881579149,]
fisheye = true

[metadata]
