[cam_0]
name = "1"
size = [ 640, 480,]
matrix = [ [ 631.4624049230893, 0.0, 319.5,], [ 0.0, 631.4624049230893, 239.5,], [ 0.0, 0.0, 1.0,],]
distortions = [ 0.11452865943070659, 0.0, 0.0, 0.0,]
rotation = [ -0.004344615178522102, 0.001908507644830412, 0.01413719673449806,]
translation = [ -3.8152768690487733, -17.987083990695233, -1488.3877421850593,]
fisheye = true

[cam_1]
name = "2"
size = [ 480, 640,]
matrix = [ [ 577.8765101201407, 0.0, 239.5,], [ 0.0, 577.8765101201407, 319.5,], [ 0.0, 0.0, 1.0,],]
distortions = [ 0.09435884867237307, 0.0, 0.0, 0.0,]
rotation = [ -0.09698179190540875, -0.09779468914676767, -0.062021333659871926,]
translation = [ 298.24509046374243, -418.2189219638704, -2106.5937173440534,]
fisheye = true

[metadata]
