[cam_0]
name = "sesh_2022-09-19_16_16_50_in_class_jsm_synced_Cam1"
size = [ 720, 1280,]
matrix = [ [ 912.7185631602041, 0.0, 359.5,], [ 0.0, 912.7185631602041, 639.5,], [ 0.0, 0.0, 1.0,],]
distortions = [ -0.33386554284114106, 0.0, 0.0, 0.0, 0.0,]
rotation = [ 0.040990486346589555, 0.018563829451591754, 0.0697635819789331,]
translation = [ 0.0, 0.0, 0.0,]

[cam_1]
name = "sesh_2022-09-19_16_16_50_in_class_jsm_synced_Cam2"
size = [ 720, 1280,]
matrix = [ [ 858.8874886553381, 0.0, 359.5,], [ 0.0, 858.8874886553381, 639.5,], [ 0.0, 0.0, 1.0,],]
distortions = [ -0.3151468594834493, 0.0, 0.0, 0.0, 0.0,]
rotation = [ 0.0984427376743765, 1.233779541414881, 0.6356801625857683,]
translation = [ -2512.748578975975, -645.7397803840619, 738.92329282478,]

[cam_2]
name = "sesh_2022-09-19_16_16_50_in_class_jsm_synced_Cam3"
size = [ 720, 1280,]
matrix = [ [ 878.9324172936297, 0.0, 359.5,], [ 0.0, 878.9324172936297, 639.5,], [ 0.0, 0.0, 1.0,],]
distortions = [ -0.33839764386253623, 0.0, 0.0, 0.0, 0.0,]
rotation = [ 0.11519234325206558, 0.5918393201599832, 0.5151146159989288,]
translation = [ -1406.6502854665096, -356.21891925430106, -138.63237853023026,]

[metadata]
charuco_square_size = 58.0
charuco_board_object = "CharucoBoardDefinition(aruco_marker_dict=< cv2.aruco.Dictionary 0000028D72CE1E30>, number_of_squares_width=7, number_of_squares_height=5, black_square_side_length=1, aruco_marker_length_proportional=0.8)"
path_to_recorded_videos = "C:\\Users\\aaron\\freemocap_data\\recording_sessions\\freemocap_test_data\\synchronized_videos"
date_time_calibrated = "2025-03-11T14:19:33"
